topology: 4 4 2
type: input relu softmax
in: 0.1 0.5 0.2 3.0 
out: 0 1 
in: 1.0 0.568571234 0.0 2.0 
out: 0 1 
in: 0.0 0.042245997 1.0 1.0 
out: 0 1 
in: 1.0 1.6597933809999998 1.0 1.0 
out: 0 1 
in: 1.0 2.014744849 1.0 1.0 
out: 1 0 
in: 1.0 0.512447387 1.0 1.0 
out: 0 1 
in: 0.0 1.440327098 1.0 1.0 
out: 1 0 
in: 0.0 0.035260232999999995 0.0 3.0 
out: 0 1 
in: 1.0 1.490764094 0.0 0.0 
out: 1 0 
in: 0.0 0.005837521 1.0 3.0 
out: 1 0 
in: 4.0 2.04604049 1.0 0.0 
out: 1 0 
in: 0.0 0.9558894659999999 0.0 3.0 
out: 1 0 
in: 0.0 0.159377604 0.0 0.0 
out: 0 1 
in: 2.0 0.769272093 0.0 3.0 
out: 0 1 
in: 0.0 0.22627126600000003 1.0 3.0 
out: 1 0 
in: 3.0 0.9882286029999999 1.0 2.0 
out: 0 1 
in: 2.0 0.16058297300000002 0.0 0.0 
out: 0 1 
in: 3.0 0.115029585 1.0 2.0 
out: 0 1 
in: 1.0 0.483714044 1.0 1.0 
out: 1 0 
in: 0.0 0.18240058399999998 0.0 3.0 
out: 1 0 
in: 2.0 0.27169255800000003 1.0 1.0 
out: 0 1 
in: 0.0 0.296118172 0.0 0.0 
out: 1 0 
in: 0.0 0.9962401240000001 0.0 3.0 
out: 0 1 
in: 2.0 1.945357119 1.0 0.0 
out: 1 0 
in: 0.0 0.029362876 0.0 2.0 
out: 1 0 
in: 1.0 0.087355105 1.0 3.0 
out: 1 0 
in: 0.0 1.908165892 1.0 1.0 
out: 1 0 
in: 2.0 0.119630359 0.0 3.0 
out: 1 0 
in: 3.0 0.100013381 0.0 1.0 
out: 0 1 
in: 3.0 0.707463235 0.0 0.0 
out: 0 1 
in: 0.0 0.044657348 1.0 3.0 
out: 0 1 
in: 1.0 0.88862614 1.0 0.0 
out: 1 0 
in: 1.0 2.082644069 1.0 1.0 
out: 1 0 
in: 3.0 2.090471844 0.0 3.0 
out: 0 1 
in: 1.0 1.116065731 1.0 2.0 
out: 1 0 
in: 0.0 0.013973844 0.0 3.0 
out: 0 1 
in: 0.0 0.254083736 0.0 2.0 
out: 1 0 
in: 1.0 0.879175145 1.0 2.0 
out: 0 1 
in: 1.0 1.208891415 0.0 1.0 
out: 1 0 
in: 0.0 0.062007100999999995 1.0 2.0 
out: 1 0 
in: 2.0 1.664271284 0.0 1.0 
out: 0 1 
in: 1.0 1.092042374 0.0 2.0 
out: 0 1 
in: 0.0 0.18866205600000002 0.0 0.0 
out: 1 0 
in: 2.0 0.258902814 0.0 0.0 
out: 1 0 
in: 4.0 0.21629752300000002 1.0 0.0 
out: 0 1 
in: 0.0 0.068118476 1.0 0.0 
out: 1 0 
in: 1.0 1.216365931 0.0 2.0 
out: 1 0 
in: 0.0 0.07753083 1.0 1.0 
out: 0 1 
in: 0.0 2.760657323 0.0 1.0 
out: 1 0 
in: 1.0 0.413759695 0.0 2.0 
out: 0 1 
in: 4.0 1.167670236 0.0 2.0 
out: 0 1 
in: 4.0 1.2118189959999999 1.0 1.0 
out: 0 1 
in: 2.0 0.918526053 0.0 3.0 
out: 1 0 
in: 1.0 1.5550042919999998 1.0 2.0 
out: 0 1 
in: 1.0 0.449372855 0.0 0.0 
out: 0 1 
in: 4.0 0.543215224 0.0 3.0 
out: 0 1 
in: 0.0 2.22325723 1.0 3.0 
out: 1 0 
in: 0.0 1.045673168 0.0 1.0 
out: 1 0 
in: 1.0 0.289637013 1.0 2.0 
out: 0 1 
in: 1.0 0.836483998 1.0 1.0 
out: 1 0 
in: 0.0 0.19960097300000001 0.0 0.0 
out: 0 1 
in: 0.0 0.714921958 1.0 3.0 
out: 1 0 
in: 1.0 1.237168692 1.0 3.0 
out: 1 0 
in: 0.0 0.857807175 0.0 3.0 
out: 0 1 
in: 0.0 1.903540966 0.0 0.0 
out: 1 0 
in: 2.0 0.688584482 0.0 3.0 
out: 1 0 
in: 2.0 1.281048254 0.0 2.0 
out: 0 1 
in: 1.0 0.36787168200000003 0.0 1.0 
out: 1 0 
in: 3.0 0.122865449 1.0 2.0 
out: 0 1 
in: 1.0 1.620255507 0.0 3.0 
out: 1 0 
in: 0.0 3.0432858069999997 0.0 0.0 
out: 1 0 
in: 0.0 0.233978717 1.0 3.0 
out: 0 1 
in: 0.0 1.213333585 0.0 0.0 
out: 0 1 
in: 0.0 1.549095951 1.0 1.0 
out: 0 1 
in: 0.0 0.660328692 0.0 0.0 
out: 1 0 
in: 0.0 0.92048008 0.0 1.0 
out: 1 0 
in: 2.0 0.384992423 1.0 1.0 
out: 1 0 
in: 1.0 0.701483903 1.0 0.0 
out: 0 1 
in: 1.0 0.091977942 0.0 1.0 
out: 1 0 
in: 4.0 0.095043209 0.0 0.0 
out: 0 1 
in: 0.0 1.8166701859999999 1.0 1.0 
out: 1 0 
in: 0.0 1.582890769 0.0 0.0 
out: 0 1 
in: 2.0 0.006926457 0.0 2.0 
out: 1 0 
in: 0.0 0.126660432 0.0 1.0 
out: 0 1 
in: 0.0 1.3884801180000002 0.0 3.0 
out: 1 0 
in: 0.0 0.968608382 0.0 2.0 
out: 0 1 
in: 0.0 0.740300656 1.0 2.0 
out: 1 0 
in: 0.0 3.022500122 0.0 0.0 
out: 1 0 
in: 4.0 2.947012569 0.0 2.0 
out: 1 0 
in: 3.0 2.081424218 1.0 2.0 
out: 0 1 
in: 0.0 0.29463803899999996 0.0 0.0 
out: 0 1 
in: 1.0 1.5248290780000002 1.0 1.0 
out: 0 1 
in: 1.0 0.745520924 1.0 3.0 
out: 1 0 
in: 1.0 0.055204933 1.0 2.0 
out: 0 1 
in: 3.0 3.491072113 1.0 2.0 
out: 1 0 
in: 2.0 1.037540885 1.0 0.0 
out: 1 0 
in: 0.0 0.593552495 1.0 0.0 
out: 1 0 
in: 3.0 5.56256123 1.0 3.0 
out: 0 1 
in: 0.0 0.305464553 0.0 0.0 
out: 1 0 
in: 1.0 0.775653288 0.0 1.0 
out: 0 1 
in: 0.0 0.35526477100000003 1.0 2.0 
out: 1 0 
in: 1.0 1.1254550490000002 1.0 0.0 
out: 1 0 
in: 0.0 0.137565456 0.0 0.0 
out: 0 1 
in: 1.0 0.564504937 0.0 2.0 
out: 0 1 
in: 0.0 0.030377078 0.0 3.0 
out: 1 0 
in: 2.0 0.367136333 0.0 2.0 
out: 1 0 
in: 0.0 3.806307883 1.0 2.0 
out: 1 0 
in: 0.0 0.9846292879999999 0.0 0.0 
out: 1 0 
in: 1.0 0.545506378 0.0 0.0 
out: 1 0 
in: 0.0 0.17301392100000001 0.0 2.0 
out: 0 1 
in: 1.0 3.5603640430000003 0.0 2.0 
out: 0 1 
in: 1.0 3.971312764 0.0 1.0 
out: 0 1 
in: 2.0 0.237900768 0.0 3.0 
out: 0 1 
in: 0.0 0.031387324 1.0 1.0 
out: 0 1 
in: 0.0 1.621529201 1.0 3.0 
out: 1 0 
in: 2.0 0.945719697 0.0 1.0 
out: 1 0 
in: 0.0 0.28600644 0.0 3.0 
out: 0 1 
in: 0.0 1.0170384270000001 0.0 2.0 
out: 0 1 
in: 1.0 0.8541598290000001 0.0 3.0 
out: 1 0 
in: 0.0 0.321202578 0.0 2.0 
out: 0 1 
in: 1.0 3.6027826530000002 1.0 3.0 
out: 1 0 
in: 0.0 0.439169346 1.0 1.0 
out: 0 1 
in: 1.0 1.623120181 1.0 2.0 
out: 1 0 
in: 0.0 0.474687039 0.0 1.0 
out: 1 0 
in: 1.0 0.500528711 1.0 3.0 
out: 1 0 
in: 1.0 1.023594469 1.0 3.0 
out: 1 0 
in: 3.0 0.614914364 1.0 2.0 
out: 0 1 
in: 0.0 0.23652867600000002 0.0 0.0 
out: 1 0 
in: 0.0 1.371682641 1.0 0.0 
out: 0 1 
in: 0.0 1.088574012 0.0 2.0 
out: 1 0 
in: 0.0 0.270274738 0.0 0.0 
out: 1 0 
in: 0.0 0.717776906 0.0 3.0 
out: 1 0 
in: 1.0 0.57000736 0.0 2.0 
out: 1 0 
in: 0.0 0.308415012 0.0 3.0 
out: 1 0 
in: 1.0 1.4620337230000002 0.0 3.0 
out: 0 1 
in: 0.0 1.29023832 0.0 2.0 
out: 1 0 
in: 0.0 4.917034403 1.0 2.0 
out: 0 1 
in: 2.0 1.5094045919999999 0.0 0.0 
out: 0 1 
in: 2.0 2.79995757 0.0 3.0 
out: 0 1 
in: 0.0 1.2389687870000001 0.0 0.0 
out: 0 1 
in: 0.0 1.210928398 1.0 3.0 
out: 0 1 
in: 1.0 1.617109081 0.0 3.0 
out: 0 1 
in: 0.0 1.174736931 1.0 1.0 
out: 0 1 
in: 0.0 1.6730027769999998 0.0 2.0 
out: 0 1 
in: 0.0 0.355293742 1.0 1.0 
out: 0 1 
in: 1.0 0.541635679 0.0 2.0 
out: 1 0 
in: 4.0 1.583082136 0.0 0.0 
out: 1 0 
in: 1.0 0.142353855 1.0 3.0 
out: 1 0 
in: 1.0 2.035403159 1.0 3.0 
out: 0 1 
in: 0.0 2.266245098 1.0 3.0 
out: 0 1 
in: 1.0 1.25019747 1.0 1.0 
out: 1 0 
in: 3.0 0.979504266 0.0 0.0 
out: 1 0 
in: 0.0 0.474489127 1.0 1.0 
out: 1 0 
in: 3.0 1.6070414869999998 0.0 1.0 
out: 0 1 
in: 1.0 3.0884526230000002 0.0 0.0 
out: 0 1 
in: 0.0 1.456120139 0.0 1.0 
out: 0 1 
in: 0.0 2.013422845 1.0 3.0 
out: 1 0 
in: 0.0 1.689651592 1.0 1.0 
out: 1 0 
in: 3.0 1.5565988530000001 1.0 2.0 
out: 0 1 
in: 2.0 0.16690021800000002 0.0 0.0 
out: 0 1 
in: 1.0 0.647094604 0.0 2.0 
out: 0 1 
in: 2.0 1.146385907 0.0 0.0 
out: 1 0 
in: 0.0 1.355150101 1.0 1.0 
out: 1 0 
in: 0.0 1.9402884459999998 1.0 1.0 
out: 0 1 
in: 1.0 0.316971331 1.0 3.0 
out: 0 1 
in: 1.0 0.434068102 1.0 2.0 
out: 1 0 
in: 0.0 1.756361737 1.0 2.0 
out: 0 1 
in: 2.0 1.951421705 0.0 3.0 
out: 0 1 
in: 0.0 1.176729833 1.0 2.0 
out: 0 1 
in: 0.0 1.740828795 1.0 0.0 
out: 0 1 
in: 0.0 1.348872315 1.0 0.0 
out: 0 1 
in: 0.0 1.4976483880000002 1.0 3.0 
out: 1 0 
in: 0.0 1.423052843 1.0 0.0 
out: 1 0 
in: 1.0 1.450662556 0.0 1.0 
out: 0 1 
in: 0.0 0.685293293 0.0 0.0 
out: 1 0 
in: 1.0 0.33622383200000006 0.0 2.0 
out: 0 1 
in: 0.0 0.7910346970000001 0.0 2.0 
out: 1 0 
in: 2.0 0.125113776 1.0 2.0 
out: 0 1 
in: 0.0 1.234843465 0.0 2.0 
out: 0 1 
in: 0.0 0.144369255 0.0 1.0 
out: 0 1 
in: 0.0 2.136252213 1.0 1.0 
out: 1 0 
in: 1.0 4.418706941 1.0 3.0 
out: 1 0 
in: 0.0 0.350968063 1.0 1.0 
out: 0 1 
in: 1.0 0.043141647000000005 1.0 3.0 
out: 0 1 
in: 0.0 0.29535177 1.0 2.0 
out: 1 0 
in: 3.0 0.980860941 1.0 0.0 
out: 1 0 
in: 1.0 1.0128601879999999 0.0 2.0 
out: 0 1 
in: 1.0 0.280134103 1.0 1.0 
out: 1 0 
in: 0.0 0.032268759 0.0 2.0 
out: 1 0 
in: 1.0 0.090271111 1.0 3.0 
out: 0 1 
in: 4.0 0.862862184 0.0 2.0 
out: 0 1 
in: 0.0 1.3973018659999998 0.0 3.0 
out: 1 0 
in: 0.0 0.571083031 0.0 1.0 
out: 0 1 
in: 0.0 2.217510074 1.0 0.0 
out: 1 0 
in: 0.0 0.166312188 1.0 3.0 
out: 1 0 
in: 2.0 2.165361951 1.0 0.0 
out: 0 1 
in: 0.0 1.5253998659999999 1.0 3.0 
out: 1 0 
in: 1.0 0.47614123399999997 0.0 0.0 
out: 0 1 
in: 0.0 4.892604469 0.0 3.0 
out: 1 0 
in: 0.0 0.576293374 0.0 0.0 
out: 1 0 
in: 0.0 1.1362024290000001 1.0 1.0 
out: 0 1 
in: 0.0 1.112894493 1.0 1.0 
out: 0 1 
in: 4.0 0.419781449 1.0 3.0 
out: 1 0 
in: 0.0 2.107858438 1.0 3.0 
out: 1 0 
in: 2.0 2.198044989 1.0 2.0 
out: 1 0 
in: 0.0 0.320847762 1.0 0.0 
out: 1 0 
in: 1.0 1.286291533 1.0 2.0 
out: 0 1 
in: 0.0 0.728577378 1.0 3.0 
out: 1 0 
in: 1.0 0.24411542100000003 0.0 3.0 
out: 1 0 
in: 2.0 0.07674179099999999 0.0 2.0 
out: 0 1 
in: 0.0 2.347254955 1.0 3.0 
out: 0 1 
in: 1.0 0.40697748200000006 0.0 3.0 
out: 0 1 
in: 0.0 0.437261579 1.0 1.0 
out: 0 1 
in: 0.0 1.905333491 0.0 3.0 
out: 0 1 
in: 0.0 0.296946863 1.0 3.0 
out: 0 1 
in: 0.0 1.130374102 0.0 2.0 
out: 1 0 
in: 1.0 0.424030342 0.0 2.0 
out: 1 0 
in: 1.0 0.454991826 0.0 3.0 
out: 0 1 
in: 1.0 3.4286529239999997 1.0 1.0 
out: 1 0 
in: 4.0 0.355568854 1.0 1.0 
out: 0 1 
in: 1.0 0.8215052490000001 0.0 2.0 
out: 1 0 
in: 0.0 2.3907717980000003 1.0 3.0 
out: 0 1 
in: 1.0 0.19410965100000002 1.0 3.0 
out: 1 0 
in: 1.0 0.7370485640000001 1.0 2.0 
out: 0 1 
in: 3.0 1.516381908 0.0 3.0 
out: 1 0 
in: 0.0 0.007900436 1.0 1.0 
out: 1 0 
in: 1.0 1.642063361 0.0 3.0 
out: 1 0 
in: 0.0 3.613731617 1.0 1.0 
out: 1 0 
in: 1.0 1.2524572109999998 0.0 3.0 
out: 0 1 
in: 3.0 0.7922652490000001 0.0 3.0 
out: 1 0 
in: 1.0 0.132624178 1.0 1.0 
out: 1 0 
in: 0.0 0.04668921400000001 1.0 3.0 
out: 0 1 
in: 0.0 0.61628327 0.0 1.0 
out: 1 0 
in: 0.0 0.135275129 0.0 2.0 
out: 1 0 
in: 0.0 0.21273706899999997 1.0 1.0 
out: 1 0 
in: 0.0 3.076904595 0.0 0.0 
out: 0 1 
in: 4.0 0.303757022 0.0 3.0 
out: 1 0 
in: 0.0 1.341280832 1.0 3.0 
out: 0 1 
in: 1.0 0.878760586 1.0 2.0 
out: 0 1 
in: 2.0 0.08575245699999999 1.0 1.0 
out: 0 1 
in: 2.0 1.559465303 0.0 1.0 
out: 0 1 
in: 0.0 3.516387509 1.0 2.0 
out: 1 0 
in: 0.0 0.34304553 1.0 1.0 
out: 1 0 
in: 1.0 1.5611491880000001 0.0 3.0 
out: 1 0 
in: 1.0 0.513276069 1.0 1.0 
out: 0 1 
in: 0.0 0.080680061 1.0 3.0 
out: 1 0 
in: 1.0 1.600769775 1.0 1.0 
out: 1 0 
in: 0.0 0.325550882 1.0 3.0 
out: 1 0 
in: 0.0 1.287907462 1.0 1.0 
out: 0 1 
in: 1.0 0.35931805899999997 1.0 0.0 
out: 1 0 
in: 2.0 3.641935025 0.0 2.0 
out: 0 1 
in: 1.0 0.093891839 1.0 3.0 
out: 1 0 
in: 1.0 3.211421635 1.0 3.0 
out: 1 0 
in: 0.0 0.546716834 0.0 1.0 
out: 0 1 
in: 2.0 0.420539317 1.0 1.0 
out: 0 1 
in: 2.0 0.050207731 0.0 2.0 
out: 1 0 
in: 2.0 0.16654612300000002 0.0 3.0 
out: 1 0 
in: 0.0 2.163426919 0.0 1.0 
out: 0 1 
in: 2.0 1.278830653 0.0 3.0 
out: 1 0 
in: 1.0 0.16198566 0.0 2.0 
out: 1 0 
in: 0.0 3.689320131 1.0 1.0 
out: 0 1 
in: 0.0 0.8151928959999999 0.0 1.0 
out: 1 0 
in: 0.0 0.177968168 1.0 0.0 
out: 1 0 
in: 0.0 2.653616118 1.0 2.0 
out: 0 1 
in: 0.0 1.44492872 0.0 2.0 
out: 1 0 
in: 4.0 0.652474088 0.0 1.0 
out: 1 0 
in: 2.0 2.69092327 0.0 2.0 
out: 0 1 
in: 0.0 2.082610464 1.0 3.0 
out: 0 1 
in: 0.0 0.664122266 0.0 2.0 
out: 0 1 
in: 1.0 0.131438267 1.0 0.0 
out: 1 0 
in: 0.0 2.534856134 0.0 1.0 
out: 0 1 
in: 1.0 0.7471121279999999 1.0 1.0 
out: 0 1 
in: 3.0 0.272298205 1.0 1.0 
out: 1 0 
in: 1.0 0.693454725 1.0 0.0 
out: 1 0 
in: 0.0 1.41825725 1.0 2.0 
out: 0 1 
in: 2.0 1.20804943 1.0 0.0 
out: 1 0 
in: 1.0 0.23761790100000002 0.0 3.0 
out: 1 0 
in: 0.0 0.775481731 1.0 0.0 
out: 1 0 
in: 3.0 0.998497196 1.0 1.0 
out: 0 1 
in: 1.0 1.72100649 1.0 2.0 
out: 0 1 
in: 1.0 0.6363467420000001 1.0 3.0 
out: 1 0 
in: 0.0 2.794756529 0.0 3.0 
out: 0 1 
in: 2.0 0.7044133990000001 1.0 0.0 
out: 0 1 
in: 0.0 0.634515835 0.0 3.0 
out: 1 0 
in: 0.0 0.48073294 0.0 3.0 
out: 1 0 
in: 1.0 1.457959976 0.0 0.0 
out: 1 0 
in: 0.0 0.325770975 1.0 2.0 
out: 1 0 
in: 1.0 0.9547004000000001 1.0 1.0 
out: 0 1 
in: 0.0 1.896610935 1.0 1.0 
out: 1 0 
in: 1.0 1.244227385 0.0 3.0 
out: 0 1 
in: 0.0 1.15348902 1.0 1.0 
out: 0 1 
in: 1.0 0.600319446 1.0 2.0 
out: 1 0 
in: 0.0 3.36935245 0.0 2.0 
out: 1 0 
in: 1.0 0.89459321 1.0 3.0 
out: 0 1 
in: 0.0 1.718633945 0.0 2.0 
out: 1 0 
in: 0.0 0.59706473 0.0 3.0 
out: 0 1 
in: 2.0 0.11239563300000001 1.0 1.0 
out: 1 0 
in: 0.0 0.329476719 0.0 1.0 
out: 0 1 
in: 1.0 1.085932088 0.0 3.0 
out: 0 1 
in: 2.0 0.46570153299999995 1.0 3.0 
out: 0 1 
in: 0.0 0.507857597 0.0 0.0 
out: 1 0 
in: 2.0 2.3701766930000003 0.0 3.0 
out: 0 1 
in: 1.0 0.810287132 1.0 3.0 
out: 1 0 
in: 1.0 0.866788835 0.0 3.0 
out: 1 0 
in: 0.0 1.47740302 0.0 2.0 
out: 1 0 
in: 0.0 2.6297267509999998 1.0 3.0 
out: 1 0 
in: 2.0 0.992563271 1.0 3.0 
out: 1 0 
in: 0.0 1.259939602 1.0 3.0 
out: 1 0 
in: 1.0 0.8258871390000001 1.0 1.0 
out: 0 1 
in: 0.0 1.7198727930000002 1.0 0.0 
out: 1 0 
in: 0.0 1.214429263 1.0 2.0 
out: 0 1 
in: 2.0 0.796915978 0.0 0.0 
out: 0 1 
in: 0.0 1.178988916 0.0 2.0 
out: 0 1 
in: 1.0 0.480078681 0.0 2.0 
out: 1 0 
in: 4.0 0.395824732 1.0 3.0 
out: 1 0 
in: 1.0 0.294334112 0.0 3.0 
out: 0 1 
in: 2.0 0.029989339 1.0 2.0 
out: 1 0 
in: 3.0 0.569088061 1.0 3.0 
out: 0 1 
in: 1.0 0.907018063 1.0 2.0 
out: 1 0 
in: 1.0 0.194346204 1.0 1.0 
out: 1 0 
in: 2.0 0.8485567620000001 0.0 3.0 
out: 1 0 
in: 1.0 1.5244086959999998 0.0 2.0 
out: 1 0 
in: 0.0 0.246295231 0.0 3.0 
out: 0 1 
in: 0.0 0.053259807 0.0 2.0 
out: 1 0 
in: 2.0 0.14316564699999998 0.0 3.0 
out: 1 0 
in: 0.0 1.129507909 1.0 3.0 
out: 1 0 
in: 2.0 0.8155198790000001 0.0 0.0 
out: 0 1 
in: 1.0 0.998036778 1.0 0.0 
out: 1 0 
in: 1.0 1.5051279830000002 0.0 0.0 
out: 1 0 
in: 0.0 0.43019703 0.0 2.0 
out: 0 1 
in: 1.0 0.844466292 0.0 3.0 
out: 0 1 
in: 1.0 1.030942628 1.0 3.0 
out: 0 1 
in: 0.0 0.039660013 1.0 0.0 
out: 1 0 
in: 0.0 0.509124856 1.0 1.0 
out: 0 1 
in: 0.0 1.558213896 1.0 1.0 
out: 1 0 
in: 0.0 1.751132787 0.0 0.0 
out: 1 0 
in: 1.0 0.375557825 0.0 3.0 
out: 0 1 
in: 0.0 0.307790395 0.0 1.0 
out: 1 0 
in: 0.0 0.068120283 0.0 1.0 
out: 0 1 
in: 1.0 0.180490955 1.0 0.0 
out: 0 1 
in: 0.0 0.353211713 1.0 3.0 
out: 0 1 
in: 1.0 1.818140266 0.0 1.0 
out: 0 1 
in: 0.0 0.48638143 1.0 1.0 
out: 0 1 
in: 0.0 0.7756286659999999 1.0 0.0 
out: 1 0 
in: 0.0 1.877279621 0.0 0.0 
out: 1 0 
in: 3.0 0.7128999509999999 0.0 1.0 
out: 1 0 
in: 0.0 1.041741395 1.0 3.0 
out: 0 1 
in: 1.0 0.6958091129999999 1.0 0.0 
out: 1 0 
in: 0.0 1.305538406 0.0 2.0 
out: 0 1 
in: 0.0 1.645293243 1.0 2.0 
out: 0 1 
in: 1.0 0.057706195 1.0 3.0 
out: 1 0 
in: 2.0 0.432929131 1.0 2.0 
out: 1 0 
in: 1.0 0.030742039 1.0 1.0 
out: 0 1 
in: 0.0 0.000140894 1.0 0.0 
out: 1 0 
in: 0.0 1.2901967090000002 0.0 0.0 
out: 1 0 
in: 0.0 0.478856696 1.0 1.0 
out: 0 1 
in: 2.0 0.267279668 0.0 3.0 
out: 1 0 
in: 1.0 0.7202057140000001 1.0 0.0 
out: 1 0 
in: 2.0 0.151926276 0.0 0.0 
out: 1 0 
in: 1.0 0.7547970890000001 0.0 3.0 
out: 0 1 
in: 0.0 1.6977976469999998 1.0 2.0 
out: 1 0 
in: 0.0 0.8807325109999999 1.0 1.0 
out: 0 1 
in: 0.0 0.10029590599999999 1.0 2.0 
out: 1 0 
in: 1.0 1.128714143 0.0 2.0 
out: 0 1 
in: 0.0 0.466433848 1.0 0.0 
out: 0 1 
in: 2.0 1.458405903 0.0 0.0 
out: 1 0 
in: 1.0 0.574536399 1.0 0.0 
out: 0 1 
in: 1.0 0.036353966 0.0 2.0 
out: 0 1 
in: 0.0 1.457982399 0.0 2.0 
out: 0 1 
in: 0.0 2.4134955959999997 0.0 0.0 
out: 1 0 
in: 0.0 2.246241769 1.0 3.0 
out: 0 1 
in: 1.0 1.62416807 1.0 3.0 
out: 0 1 
in: 1.0 1.7584133709999998 1.0 0.0 
out: 0 1 
in: 1.0 1.111206474 1.0 0.0 
out: 0 1 
in: 0.0 0.384956477 0.0 3.0 
out: 0 1 
in: 1.0 1.852086128 0.0 0.0 
out: 1 0 
in: 0.0 1.075602372 0.0 3.0 
out: 1 0 
in: 1.0 1.137808632 1.0 0.0 
out: 0 1 
in: 0.0 0.22841050899999998 1.0 1.0 
out: 1 0 
in: 0.0 1.6785325519999998 1.0 1.0 
out: 0 1 
in: 0.0 0.568834698 0.0 3.0 
out: 0 1 
in: 1.0 0.143695252 1.0 0.0 
out: 1 0 
in: 1.0 0.416983603 1.0 0.0 
out: 0 1 
in: 1.0 3.3584672010000003 0.0 0.0 
out: 0 1 
in: 2.0 0.6031543460000001 1.0 1.0 
out: 1 0 
in: 1.0 0.09911217300000001 1.0 3.0 
out: 1 0 
in: 1.0 0.0641208 1.0 1.0 
out: 1 0 
in: 1.0 2.378410269 1.0 3.0 
out: 0 1 
in: 2.0 1.420571434 1.0 0.0 
out: 1 0 
in: 0.0 0.425016141 1.0 2.0 
out: 1 0 
in: 2.0 0.291731113 1.0 3.0 
out: 1 0 
in: 0.0 1.3916997130000002 0.0 1.0 
out: 0 1 
in: 0.0 0.9616588220000001 1.0 3.0 
out: 0 1 
in: 0.0 1.551047255 0.0 3.0 
out: 0 1 
in: 0.0 0.089770843 0.0 0.0 
out: 1 0 
in: 1.0 0.6356755479999999 0.0 2.0 
out: 1 0 
in: 0.0 2.333172429 0.0 1.0 
out: 0 1 
in: 2.0 0.47901813299999996 1.0 3.0 
out: 1 0 
in: 3.0 0.10978448800000001 0.0 1.0 
out: 1 0 
in: 0.0 0.9449552370000001 0.0 2.0 
out: 1 0 
in: 1.0 0.018690396 1.0 1.0 
out: 1 0 
in: 0.0 0.082358346 0.0 3.0 
out: 1 0 
in: 1.0 0.226595593 0.0 1.0 
out: 0 1 
in: 0.0 0.799146402 1.0 0.0 
out: 1 0 
in: 1.0 0.818358829 1.0 0.0 
out: 0 1 
in: 0.0 0.010218859 1.0 0.0 
out: 1 0 
in: 2.0 0.57254227 0.0 0.0 
out: 0 1 
in: 0.0 2.7209575010000004 0.0 1.0 
out: 0 1 
in: 1.0 1.4315852569999998 1.0 2.0 
out: 0 1 
in: 2.0 1.7774422419999998 0.0 1.0 
out: 1 0 
in: 2.0 1.42224647 0.0 0.0 
out: 1 0 
in: 0.0 0.300325089 1.0 0.0 
out: 1 0 
in: 3.0 0.059217531 1.0 1.0 
out: 0 1 
in: 0.0 0.5310145629999999 1.0 3.0 
out: 0 1 
in: 1.0 0.5207807320000001 1.0 2.0 
out: 0 1 
in: 0.0 6.089099221000001 0.0 1.0 
out: 1 0 
in: 0.0 3.4903111019999997 1.0 3.0 
out: 0 1 
in: 0.0 0.498943291 1.0 2.0 
out: 0 1 
in: 0.0 0.478743879 0.0 1.0 
out: 1 0 
in: 2.0 0.452816734 1.0 1.0 
out: 0 1 
in: 3.0 0.585976863 1.0 2.0 
out: 1 0 
in: 0.0 1.2003843509999998 0.0 2.0 
out: 0 1 
in: 2.0 0.01594261 0.0 2.0 
out: 1 0 
in: 0.0 0.247840974 1.0 1.0 
out: 0 1 
in: 3.0 0.428858752 0.0 3.0 
out: 0 1 
in: 1.0 2.07568116 0.0 2.0 
out: 0 1 
in: 0.0 2.266447965 0.0 0.0 
out: 1 0 
in: 1.0 0.792113435 1.0 2.0 
out: 0 1 
in: 0.0 0.686511842 1.0 2.0 
out: 1 0 
in: 0.0 0.9405037359999999 0.0 2.0 
out: 0 1 
in: 0.0 1.81538912 0.0 1.0 
out: 1 0 
in: 0.0 0.400553184 1.0 1.0 
out: 1 0 
in: 1.0 2.157280454 0.0 2.0 
out: 0 1 
in: 1.0 1.071975168 1.0 1.0 
out: 0 1 
in: 0.0 0.573197678 0.0 2.0 
out: 0 1 
in: 1.0 2.633931225 1.0 3.0 
out: 0 1 
in: 3.0 1.0785573659999999 0.0 3.0 
out: 0 1 
in: 1.0 4.334149662 1.0 2.0 
out: 0 1 
in: 1.0 0.8519334390000001 1.0 3.0 
out: 1 0 
in: 0.0 0.095187755 1.0 3.0 
out: 0 1 
in: 0.0 0.9450799609999999 1.0 1.0 
out: 1 0 
in: 1.0 2.2193872530000003 1.0 1.0 
out: 1 0 
in: 0.0 0.346660121 1.0 0.0 
out: 1 0 
in: 0.0 1.724702205 0.0 2.0 
out: 1 0 
in: 1.0 3.515324959 0.0 0.0 
out: 0 1 
in: 1.0 0.11197931300000001 0.0 1.0 
out: 1 0 
in: 0.0 3.343055833 1.0 2.0 
out: 1 0 
in: 3.0 2.0686446430000003 0.0 2.0 
out: 1 0 
in: 0.0 0.6453898379999999 0.0 1.0 
out: 0 1 
in: 0.0 0.896843352 0.0 1.0 
out: 1 0 
in: 1.0 1.2584788709999999 0.0 2.0 
out: 0 1 
in: 0.0 0.798846429 0.0 0.0 
out: 0 1 
in: 1.0 1.4083903340000001 1.0 0.0 
out: 1 0 
in: 1.0 0.7280136690000001 1.0 2.0 
out: 0 1 
in: 1.0 0.918283229 1.0 2.0 
out: 0 1 
in: 0.0 1.113962146 1.0 2.0 
out: 0 1 
in: 2.0 1.279059196 0.0 2.0 
out: 1 0 
in: 0.0 0.710249386 1.0 1.0 
out: 1 0 
in: 0.0 1.3696002619999998 0.0 2.0 
out: 0 1 
in: 0.0 1.906311818 1.0 1.0 
out: 0 1 
in: 2.0 0.14637367699999998 1.0 3.0 
out: 0 1 
in: 0.0 1.8162958359999999 1.0 1.0 
out: 1 0 
in: 0.0 0.6483610329999999 1.0 2.0 
out: 1 0 
in: 0.0 0.637109033 0.0 3.0 
out: 0 1 
in: 0.0 0.132668759 1.0 0.0 
out: 0 1 
in: 1.0 0.376003431 0.0 0.0 
out: 0 1 
in: 4.0 0.46594626200000006 0.0 0.0 
out: 1 0 
in: 1.0 0.492689504 1.0 2.0 
out: 0 1 
in: 0.0 0.31245084 1.0 2.0 
out: 1 0 
in: 1.0 0.5893475260000001 0.0 1.0 
out: 0 1 
in: 0.0 0.032370635 0.0 0.0 
out: 1 0 
in: 0.0 0.62550918 0.0 0.0 
out: 0 1 
in: 1.0 1.829021446 1.0 2.0 
out: 0 1 
in: 0.0 1.835421484 0.0 2.0 
out: 0 1 
in: 1.0 1.9996346180000002 0.0 3.0 
out: 0 1 
in: 0.0 0.7796010290000001 0.0 0.0 
out: 1 0 
in: 2.0 1.272726513 1.0 0.0 
out: 0 1 
in: 0.0 1.3879434080000002 1.0 0.0 
out: 1 0 
in: 1.0 0.143232045 0.0 2.0 
out: 1 0 
in: 0.0 0.083886096 1.0 3.0 
out: 1 0 
in: 0.0 1.480493202 0.0 2.0 
out: 1 0 
in: 0.0 1.026237204 1.0 0.0 
out: 1 0 
in: 2.0 0.8804605590000001 0.0 1.0 
out: 0 1 
in: 1.0 1.815089921 0.0 0.0 
out: 1 0 
in: 2.0 0.35107705899999997 1.0 3.0 
out: 0 1 
in: 3.0 0.043366025 0.0 0.0 
out: 1 0 
in: 3.0 0.021637273 1.0 0.0 
out: 1 0 
in: 0.0 0.182412525 0.0 3.0 
out: 0 1 
in: 1.0 1.035583372 1.0 0.0 
out: 1 0 
in: 1.0 0.45330833200000004 1.0 2.0 
out: 1 0 
in: 3.0 0.9787247840000001 1.0 1.0 
out: 0 1 
in: 0.0 0.23326691 1.0 3.0 
out: 0 1 
in: 0.0 0.666864551 1.0 2.0 
out: 1 0 
in: 0.0 2.037393244 0.0 2.0 
out: 1 0 
in: 1.0 1.6011779469999998 1.0 1.0 
out: 0 1 
in: 3.0 0.7315937 0.0 0.0 
out: 0 1 
in: 0.0 6.368774888 1.0 3.0 
out: 1 0 
in: 0.0 0.17285339800000002 1.0 3.0 
out: 1 0 
in: 0.0 0.209964398 0.0 3.0 
out: 0 1 
in: 0.0 2.616881954 1.0 3.0 
out: 1 0 